0 0.168125 0.578333 0.069250 0.125333
0 0.249875 0.572667 0.064250 0.123333
0 0.324375 0.580500 0.061750 0.125667
0 0.424875 0.575000 0.055750 0.121333
0 0.502250 0.577167 0.057500 0.121000
0 0.583625 0.576667 0.056750 0.122000
0 0.649000 0.572167 0.059000 0.122333
0 0.731125 0.576000 0.061750 0.123333
0 0.486750 0.472167 0.058000 0.175667
0 0.415000 0.468333 0.060500 0.196667
0 0.565000 0.481500 0.056500 0.150333
0 0.343625 0.479833 0.058250 0.152333
0 0.267000 0.486000 0.062500 0.154667
0 0.629875 0.479167 0.057750 0.153000
0 0.707625 0.488833 0.067250 0.132333
0 0.185000 0.502333 0.075500 0.136000
