1 0.115375 0.629333 0.089250 0.160000
1 0.226500 0.634667 0.081500 0.157333
1 0.339000 0.639167 0.073500 0.159000
1 0.422125 0.647167 0.070250 0.158333
1 0.518500 0.651000 0.070500 0.156667
1 0.622250 0.638333 0.070500 0.154000
1 0.722375 0.668667 0.080750 0.156667
1 0.846500 0.667500 0.093500 0.154333
1 0.446250 0.519500 0.073500 0.228333
1 0.812250 0.569500 0.101000 0.171667
1 0.149625 0.522000 0.096750 0.174000
1 0.260125 0.510667 0.092250 0.192000
1 0.726125 0.550500 0.084250 0.195000
1 0.629625 0.544333 0.074750 0.189333
1 0.350875 0.532167 0.072750 0.194333
1 0.541500 0.515667 0.074500 0.248000
