0 0.820625 0.657167 0.094250 0.145667
0 0.716125 0.646667 0.081750 0.146667
0 0.630250 0.650500 0.071500 0.145667
0 0.526500 0.644500 0.067500 0.144333
0 0.429750 0.637167 0.067500 0.141000
0 0.305625 0.637333 0.075750 0.150000
0 0.215750 0.620500 0.082500 0.145667
0 0.110250 0.621167 0.093500 0.149000
0 0.422625 0.488833 0.074250 0.229000
0 0.511250 0.496000 0.071000 0.212000
0 0.608750 0.514000 0.071000 0.176667
0 0.335500 0.497000 0.072500 0.178667
0 0.239375 0.499333 0.081750 0.186000
0 0.137625 0.515167 0.104750 0.164333
0 0.792250 0.529000 0.098500 0.160000
0 0.689375 0.512833 0.074250 0.185000
