1 0.281375 0.774167 0.067250 0.097667
1 0.296375 0.661167 0.061250 0.099667
1 0.309000 0.558000 0.056500 0.097333
1 0.319500 0.490167 0.054000 0.097000
1 0.327250 0.418667 0.050000 0.096667
1 0.324875 0.348000 0.047750 0.090667
1 0.347125 0.292500 0.043750 0.095000
1 0.350625 0.225833 0.040750 0.092333
0 0.720500 0.774000 0.070000 0.097333
0 0.709500 0.663667 0.065000 0.096667
0 0.693250 0.583000 0.059500 0.096667
0 0.681625 0.494667 0.053750 0.095333
0 0.673375 0.421667 0.050250 0.094000
0 0.660250 0.338500 0.047500 0.094333
0 0.659875 0.282833 0.044250 0.090333
0 0.650125 0.231667 0.041750 0.091333
1 0.239750 0.454000 0.089000 0.154000
1 0.234125 0.553333 0.074250 0.124667
1 0.274125 0.321833 0.057750 0.123667
1 0.255250 0.371833 0.077500 0.160333
1 0.279625 0.265000 0.066250 0.118667
1 0.197250 0.641833 0.089500 0.131000
1 0.178000 0.773167 0.104000 0.123000
1 0.293875 0.220500 0.054250 0.107667
0 0.708875 0.222500 0.055250 0.111667
0 0.830375 0.765333 0.101750 0.123333
0 0.810750 0.652500 0.103000 0.119667
0 0.728000 0.270500 0.069500 0.121667
0 0.740625 0.328167 0.062250 0.122333
0 0.784750 0.565167 0.079000 0.119667
0 0.773750 0.457833 0.094500 0.153000
0 0.751625 0.381333 0.086750 0.158667
