1 0.684375 0.656667 0.081750 0.166667
1 0.567000 0.592167 0.070000 0.155667
1 0.505625 0.528333 0.065750 0.143333
1 0.421125 0.493167 0.060250 0.139667
1 0.359875 0.455667 0.059750 0.134000
1 0.313375 0.423667 0.055250 0.130000
1 0.253125 0.387500 0.056250 0.124333
1 0.204500 0.357833 0.056000 0.119667
1 0.421500 0.383500 0.063000 0.197667
1 0.486500 0.407667 0.066000 0.235333
1 0.554875 0.470000 0.068250 0.190000
1 0.359625 0.363833 0.056750 0.166333
1 0.316125 0.332667 0.059250 0.151333
1 0.634625 0.515667 0.073750 0.198667
1 0.717375 0.571500 0.090750 0.183667
1 0.261875 0.316667 0.057250 0.128000
