1 0.786500 0.725000 0.077500 0.118667
1 0.745250 0.589500 0.070000 0.119000
1 0.742375 0.497667 0.063250 0.115333
1 0.705375 0.413833 0.055750 0.110333
1 0.687750 0.345333 0.052500 0.110000
1 0.676375 0.291833 0.049250 0.107667
1 0.660375 0.228500 0.047250 0.103667
1 0.647500 0.175667 0.043500 0.104000
0 0.282500 0.793333 0.086000 0.113333
0 0.289500 0.677667 0.075000 0.114000
0 0.309000 0.581667 0.071000 0.107333
0 0.316500 0.473333 0.062000 0.105333
0 0.326500 0.401333 0.059000 0.102667
0 0.331750 0.333333 0.054500 0.100000
0 0.333000 0.281000 0.053000 0.096667
0 0.341500 0.227000 0.048000 0.096667
1 0.771875 0.313667 0.083750 0.180667
1 0.798500 0.383667 0.089500 0.198000
1 0.712750 0.154000 0.055000 0.124000
1 0.886625 0.692833 0.114250 0.151667
1 0.858000 0.591500 0.109500 0.150333
1 0.741125 0.204167 0.066250 0.135667
1 0.738125 0.259000 0.057750 0.149333
1 0.818500 0.488667 0.080000 0.154000
0 0.229000 0.396500 0.103000 0.157000
0 0.222625 0.469500 0.110750 0.173000
0 0.251750 0.332500 0.072000 0.136333
0 0.205750 0.576833 0.094500 0.137000
0 0.253375 0.281667 0.082250 0.121333
0 0.187500 0.686667 0.119000 0.127333
0 0.181625 0.798500 0.117250 0.138333
0 0.267375 0.229500 0.066250 0.113667
