0 0.310375 0.853667 0.075750 0.099333
0 0.319625 0.727667 0.068250 0.100000
0 0.339625 0.625500 0.063250 0.099000
0 0.348125 0.505000 0.056250 0.101333
0 0.358625 0.422500 0.053750 0.099667
0 0.365750 0.344333 0.050000 0.100000
0 0.367250 0.284667 0.047000 0.096000
0 0.377250 0.223000 0.044500 0.099333
1 0.811125 0.846333 0.086750 0.096667
1 0.775750 0.695667 0.077000 0.097333
1 0.777500 0.596333 0.073500 0.101333
1 0.744625 0.496333 0.065750 0.101333
1 0.730125 0.415000 0.059250 0.099333
1 0.720625 0.353667 0.056750 0.098000
1 0.705625 0.279333 0.054250 0.101333
1 0.694500 0.217000 0.050000 0.102000
1 0.820000 0.400833 0.105000 0.163667
1 0.840750 0.490500 0.113500 0.165667
1 0.909375 0.825333 0.122750 0.124667
1 0.766125 0.202167 0.068750 0.123000
1 0.792750 0.268667 0.081500 0.123333
1 0.888750 0.719500 0.124500 0.117000
1 0.787000 0.333333 0.071500 0.136000
1 0.854625 0.603333 0.097250 0.124667
0 0.260125 0.412833 0.096250 0.155667
0 0.253750 0.496333 0.102500 0.160667
0 0.234625 0.610667 0.085750 0.124000
0 0.282625 0.337000 0.065250 0.136000
0 0.284125 0.277667 0.078250 0.123333
0 0.216250 0.730667 0.111000 0.112667
0 0.299375 0.215833 0.062750 0.119667
0 0.210250 0.850333 0.107500 0.121333
