1 0.851125 0.640500 0.093250 0.145667
1 0.725250 0.642333 0.081500 0.146667
1 0.627000 0.612833 0.070000 0.145667
1 0.524375 0.623833 0.068250 0.147667
1 0.429500 0.621167 0.070000 0.151000
1 0.347750 0.612167 0.070000 0.151000
1 0.238250 0.607167 0.082500 0.147667
1 0.131500 0.602833 0.089000 0.147667
1 0.547500 0.489000 0.074500 0.238667
1 0.453000 0.491167 0.073500 0.220333
1 0.635000 0.516833 0.075000 0.185000
1 0.358250 0.504333 0.071500 0.186000
1 0.269375 0.482000 0.091750 0.184667
1 0.731250 0.519833 0.084500 0.187667
1 0.818375 0.539500 0.102750 0.169000
1 0.161625 0.493000 0.096250 0.168667
