0 0.625000 0.690000 0.080000 0.162667
0 0.536000 0.612333 0.072000 0.154000
0 0.464750 0.564000 0.068500 0.149333
0 0.392500 0.506000 0.064000 0.140000
0 0.332750 0.456333 0.061500 0.135333
0 0.259375 0.403833 0.063250 0.131667
0 0.216875 0.364667 0.054250 0.126667
0 0.170375 0.331500 0.060750 0.123000
0 0.223375 0.283667 0.065750 0.131333
0 0.686000 0.574833 0.091500 0.183667
0 0.590125 0.503333 0.073250 0.194000
0 0.274500 0.301333 0.070000 0.163333
0 0.335625 0.330167 0.057250 0.170333
0 0.523250 0.459833 0.067000 0.184333
0 0.447625 0.397500 0.066750 0.208333
0 0.382250 0.348833 0.066500 0.225000
