0 0.123250 0.761000 0.097500 0.200000
0 0.239500 0.708833 0.080000 0.177667
0 0.333625 0.680000 0.071750 0.162000
0 0.429375 0.636667 0.063250 0.142000
0 0.494875 0.613333 0.059250 0.131333
0 0.551000 0.591667 0.055000 0.123333
0 0.591500 0.572167 0.046000 0.111000
0 0.636500 0.559000 0.049000 0.106667
0 0.429625 0.531667 0.063750 0.186000
0 0.370125 0.542167 0.068250 0.233667
0 0.286250 0.578833 0.069000 0.196333
0 0.490625 0.524000 0.057750 0.153333
0 0.538375 0.513333 0.056250 0.142000
0 0.193250 0.613333 0.081500 0.215333
0 0.083125 0.669000 0.089750 0.208000
0 0.582500 0.509667 0.050000 0.112000
