1 0.677750 0.727333 0.081500 0.163333
1 0.554000 0.655000 0.071000 0.156667
1 0.485750 0.583333 0.067500 0.148667
1 0.395625 0.545000 0.064250 0.143333
1 0.328625 0.503833 0.066750 0.139000
1 0.274375 0.467667 0.058250 0.133333
1 0.211000 0.427167 0.065000 0.127667
1 0.155625 0.393333 0.064250 0.124667
1 0.709750 0.618000 0.093000 0.188667
1 0.216375 0.336167 0.071750 0.139667
1 0.273750 0.358000 0.069000 0.165333
1 0.623875 0.557833 0.075750 0.203000
1 0.539125 0.509833 0.068750 0.191000
1 0.326750 0.393167 0.064000 0.173000
1 0.393000 0.413667 0.072500 0.206667
1 0.464625 0.443500 0.070750 0.239000
